{
    "cam_list": [
        {
            "file": "000",
            "intrin": [
                0.0,
                0.0,
                0.0,
                0.0
            ],
            "intrin_op": [
                1114,
                1114,
                360.0,
                640.0
            ],
            "dist": [
                0.0,
                0.0,
                0.0,
                0.0,
                0.0
            ],
            "pose": [
                [
                    1.0000000000000002,
                    0.0,
                    0.0,
                    0.0
                ],
                [
                    0.0,
                    0.9961946980917457,
                    -0.08715574274765818,
                    -0.06972459419812654
                ],
                [
                    0.0,
                    0.08715574274765818,
                    0.9961946980917457,
                    0.7969557584733966
                ],
                [
                    0.0,
                    0.0,
                    0.0,
                    1.0
                ]
            ],
            "ndc_prj": [
                3.094444444,
                1.740625,
                0.000,
                0.000
            ]
        },
        {
            "file": "001",
            "intrin": [
                0.0,
                0.0,
                0.0,
                0.0
            ],
            "intrin_op": [
                1114,
                1114,
                360.0,
                640.0
            ],
            "dist": [
                0.0,
                0.0,
                0.0,
                0.0,
                0.0
            ],
            "pose": [
                [
                    0.7071067811865476,
                    0.06162841671621936,
                    0.7044160264027588,
                    0.563532821122207
                ],
                [
                    0.0,
                    0.9961946980917457,
                    -0.08715574274765818,
                    -0.06972459419812654
                ],
                [
                    -0.7071067811865477,
                    0.06162841671621936,
                    0.7044160264027587,
                    0.5635328211222069
                ],
                [
                    0.0,
                    0.0,
                    0.0,
                    1.0
                ]
            ],
            "ndc_prj": [
                3.094444444,
                1.740625,
                0.000,
                0.000
            ]
        },
        {
            "file": "002",
            "intrin": [
                0.0,
                0.0,
                0.0,
                0.0
            ],
            "intrin_op": [
                1114,
                1114,
                360.0,
                640.0
            ],
            "dist": [
                0.0,
                0.0,
                0.0,
                0.0,
                0.0
            ],
            "pose": [
                [
                    1.1102230246251565e-16,
                    0.08715574274765817,
                    0.9961946980917454,
                    0.7969557584733964
                ],
                [
                    0.0,
                    0.9961946980917454,
                    -0.08715574274765817,
                    -0.06972459419812653
                ],
                [
                    -0.9999999999999999,
                    1.3877787807814457e-17,
                    1.1102230246251565e-16,
                    8.881784197001253e-17
                ],
                [
                    0.0,
                    0.0,
                    0.0,
                    1.0
                ]
            ],
            "ndc_prj": [
                3.094444444,
                1.740625,
                0.000,
                0.000
            ]
        },
        {
            "file": "003",
            "intrin": [
                0.0,
                0.0,
                0.0,
                0.0
            ],
            "intrin_op": [
                1114,
                1114,
                360.0,
                640.0
            ],
            "dist": [
                0.0,
                0.0,
                0.0,
                0.0,
                0.0
            ],
            "pose": [
                [
                    -0.7071067811865476,
                    0.06162841671621937,
                    0.7044160264027589,
                    0.5635328211222072
                ],
                [
                    3.469446951953614e-18,
                    0.9961946980917457,
                    -0.0871557427476582,
                    -0.06972459419812656
                ],
                [
                    -0.7071067811865478,
                    -0.06162841671621935,
                    -0.7044160264027587,
                    -0.5635328211222069
                ],
                [
                    0.0,
                    0.0,
                    0.0,
                    1.0
                ]
            ],
            "ndc_prj": [
                3.094444444,
                1.740625,
                0.000,
                0.000
            ]
        },
        {
            "file": "004",
            "intrin": [
                0.0,
                0.0,
                0.0,
                0.0
            ],
            "intrin_op": [
                1114,
                1114,
                360.0,
                640.0
            ],
            "dist": [
                0.0,
                0.0,
                0.0,
                0.0,
                0.0
            ],
            "pose": [
                [
                    -1.0000000000000002,
                    1.0673147634089077e-17,
                    1.2199463569273164e-16,
                    9.759570855418532e-17
                ],
                [
                    0.0,
                    0.9961946980917457,
                    -0.08715574274765818,
                    -0.06972459419812654
                ],
                [
                    -1.2246063538223773e-16,
                    -0.08715574274765818,
                    -0.9961946980917457,
                    -0.7969557584733966
                ],
                [
                    0.0,
                    0.0,
                    0.0,
                    1.0
                ]
            ],
            "ndc_prj": [
                3.094444444,
                1.740625,
                0.000,
                0.000
            ]
        },
        {
            "file": "005",
            "intrin": [
                0.0,
                0.0,
                0.0,
                0.0
            ],
            "intrin_op": [
                1114,
                1114,
                360.0,
                640.0
            ],
            "dist": [
                0.0,
                0.0,
                0.0,
                0.0,
                0.0
            ],
            "pose": [
                [
                    -0.7071067811865477,
                    -0.06162841671621935,
                    -0.7044160264027587,
                    -0.5635328211222069
                ],
                [
                    3.469446951953614e-18,
                    0.9961946980917455,
                    -0.08715574274765818,
                    -0.06972459419812654
                ],
                [
                    0.7071067811865476,
                    -0.06162841671621937,
                    -0.7044160264027588,
                    -0.563532821122207
                ],
                [
                    0.0,
                    0.0,
                    0.0,
                    1.0
                ]
            ],
            "ndc_prj": [
                3.094444444,
                1.740625,
                0.000,
                0.000
            ]
        },
        {
            "file": "006",
            "intrin": [
                0.0,
                0.0,
                0.0,
                0.0
            ],
            "intrin_op": [
                1114,
                1114,
                360.0,
                640.0
            ],
            "dist": [
                0.0,
                0.0,
                0.0,
                0.0,
                0.0
            ],
            "pose": [
                [
                    -1.1102230246251565e-16,
                    -0.08715574274765817,
                    -0.9961946980917454,
                    -0.7969557584733964
                ],
                [
                    0.0,
                    0.9961946980917454,
                    -0.08715574274765817,
                    -0.06972459419812653
                ],
                [
                    0.9999999999999999,
                    -1.3877787807814457e-17,
                    -1.1102230246251565e-16,
                    -8.881784197001253e-17
                ],
                [
                    0.0,
                    0.0,
                    0.0,
                    1.0
                ]
            ],
            "ndc_prj": [
                3.094444444,
                1.740625,
                0.000,
                0.000
            ]
        },
        {
            "file": "007",
            "intrin": [
                0.0,
                0.0,
                0.0,
                0.0
            ],
            "intrin_op": [
                1114,
                1114,
                360.0,
                640.0
            ],
            "dist": [
                0.0,
                0.0,
                0.0,
                0.0,
                0.0
            ],
            "pose": [
                [
                    0.7071067811865475,
                    -0.06162841671621938,
                    -0.704416026402759,
                    -0.5635328211222073
                ],
                [
                    -3.469446951953614e-18,
                    0.9961946980917458,
                    -0.0871557427476582,
                    -0.06972459419812656
                ],
                [
                    0.7071067811865479,
                    0.06162841671621935,
                    0.7044160264027586,
                    0.5635328211222069
                ],
                [
                    0.0,
                    0.0,
                    0.0,
                    1.0
                ]
            ],
            "ndc_prj": [
                3.094444444,
                1.740625,
                0.000,
                0.000
            ]
        },
        {
            "file": "008",
            "intrin": [
                0.0,
                0.0,
                0.0,
                0.0
            ],
            "intrin_op": [
                1114,
                1114,
                360.0,
                640.0
            ],
            "dist": [
                0.0,
                0.0,
                0.0,
                0.0,
                0.0
            ],
            "pose": [
                [
                    0.9396926207859082,
                    0.11697777844051094,
                    -0.32139380484326957,
                    -0.25711504387461565
                ],
                [
                    -1.3877787807814457e-17,
                    0.9396926207859082,
                    0.3420201433256686,
                    0.27361611466053487
                ],
                [
                    0.3420201433256686,
                    -0.32139380484326957,
                    0.8830222215594888,
                    0.7064177772475911
                ],
                [
                    0.0,
                    0.0,
                    0.0,
                    1.0
                ]
            ],
            "ndc_prj": [
                3.094444444,
                1.740625,
                0.000,
                0.000
            ]
        },
        {
            "file": "009",
            "intrin": [
                0.0,
                0.0,
                0.0,
                0.0
            ],
            "intrin_op": [
                1114,
                1114,
                360.0,
                640.0
            ],
            "dist": [
                0.0,
                0.0,
                0.0,
                0.0,
                0.0
            ],
            "pose": [
                [
                    0.9063077870366499,
                    -0.144543958452599,
                    0.39713126196710286,
                    0.3177050095736823
                ],
                [
                    0.0,
                    0.9396926207859083,
                    0.3420201433256687,
                    0.273616114660535
                ],
                [
                    -0.42261826174069944,
                    -0.3099755192194446,
                    0.8516507396391465,
                    0.6813205917113172
                ],
                [
                    0.0,
                    0.0,
                    0.0,
                    1.0
                ]
            ],
            "ndc_prj": [
                3.094444444,
                1.740625,
                0.000,
                0.000
            ]
        },
        {
            "file": "010",
            "intrin": [
                0.0,
                0.0,
                0.0,
                0.0
            ],
            "intrin_op": [
                1114,
                1114,
                360.0,
                640.0
            ],
            "dist": [
                0.0,
                0.0,
                0.0,
                0.0,
                0.0
            ],
            "pose": [
                [
                    0.3420201433256688,
                    -0.32139380484326957,
                    0.883022221559489,
                    0.7064177772475912
                ],
                [
                    0.0,
                    0.9396926207859082,
                    0.34202014332566866,
                    0.2736161146605349
                ],
                [
                    -0.9396926207859082,
                    -0.11697777844051102,
                    0.3213938048432698,
                    0.25711504387461587
                ],
                [
                    0.0,
                    0.0,
                    0.0,
                    1.0
                ]
            ],
            "ndc_prj": [
                3.094444444,
                1.740625,
                0.000,
                0.000
            ]
        },
        {
            "file": "011",
            "intrin": [
                0.0,
                0.0,
                0.0,
                0.0
            ],
            "intrin_op": [
                1114,
                1114,
                360.0,
                640.0
            ],
            "dist": [
                0.0,
                0.0,
                0.0,
                0.0,
                0.0
            ],
            "pose": [
                [
                    -0.4226182617406993,
                    -0.30997551921944466,
                    0.8516507396391466,
                    0.6813205917113173
                ],
                [
                    2.7755575615628914e-17,
                    0.9396926207859084,
                    0.3420201433256687,
                    0.273616114660535
                ],
                [
                    -0.90630778703665,
                    0.144543958452599,
                    -0.3971312619671026,
                    -0.3177050095736821
                ],
                [
                    0.0,
                    0.0,
                    0.0,
                    1.0
                ]
            ],
            "ndc_prj": [
                3.094444444,
                1.740625,
                0.000,
                0.000
            ]
        },
        {
            "file": "012",
            "intrin": [
                0.0,
                0.0,
                0.0,
                0.0
            ],
            "intrin_op": [
                1114,
                1114,
                360.0,
                640.0
            ],
            "dist": [
                0.0,
                0.0,
                0.0,
                0.0,
                0.0
            ],
            "pose": [
                [
                    -0.9396926207859082,
                    -0.116977778440511,
                    0.32139380484326974,
                    0.2571150438746158
                ],
                [
                    -6.938893903907228e-18,
                    0.9396926207859082,
                    0.3420201433256686,
                    0.27361611466053487
                ],
                [
                    -0.34202014332566877,
                    0.32139380484326957,
                    -0.8830222215594887,
                    -0.706417777247591
                ],
                [
                    0.0,
                    0.0,
                    0.0,
                    1.0
                ]
            ],
            "ndc_prj": [
                3.094444444,
                1.740625,
                0.000,
                0.000
            ]
        },
        {
            "file": "013",
            "intrin": [
                0.0,
                0.0,
                0.0,
                0.0
            ],
            "intrin_op": [
                1114,
                1114,
                360.0,
                640.0
            ],
            "dist": [
                0.0,
                0.0,
                0.0,
                0.0,
                0.0
            ],
            "pose": [
                [
                    -0.9063077870366499,
                    0.14454395845259893,
                    -0.3971312619671027,
                    -0.3177050095736822
                ],
                [
                    -1.3877787807814457e-17,
                    0.9396926207859083,
                    0.34202014332566866,
                    0.2736161146605349
                ],
                [
                    0.4226182617406993,
                    0.30997551921944466,
                    -0.8516507396391465,
                    -0.6813205917113172
                ],
                [
                    0.0,
                    0.0,
                    0.0,
                    1.0
                ]
            ],
            "ndc_prj": [
                3.094444444,
                1.740625,
                0.000,
                0.000
            ]
        },
        {
            "file": "014",
            "intrin": [
                0.0,
                0.0,
                0.0,
                0.0
            ],
            "intrin_op": [
                1114,
                1114,
                360.0,
                640.0
            ],
            "dist": [
                0.0,
                0.0,
                0.0,
                0.0,
                0.0
            ],
            "pose": [
                [
                    -0.3420201433256686,
                    0.3213938048432696,
                    -0.883022221559489,
                    -0.7064177772475912
                ],
                [
                    2.7755575615628914e-17,
                    0.9396926207859082,
                    0.34202014332566866,
                    0.2736161146605349
                ],
                [
                    0.9396926207859082,
                    0.1169777784405109,
                    -0.32139380484326957,
                    -0.25711504387461565
                ],
                [
                    0.0,
                    0.0,
                    0.0,
                    1.0
                ]
            ],
            "ndc_prj": [
                3.094444444,
                1.740625,
                0.000,
                0.000
            ]
        },
        {
            "file": "015",
            "intrin": [
                0.0,
                0.0,
                0.0,
                0.0
            ],
            "intrin_op": [
                1114,
                1114,
                360.0,
                640.0
            ],
            "dist": [
                0.0,
                0.0,
                0.0,
                0.0,
                0.0
            ],
            "pose": [
                [
                    0.4226182617406994,
                    0.30997551921944466,
                    -0.8516507396391464,
                    -0.6813205917113172
                ],
                [
                    2.7755575615628914e-17,
                    0.9396926207859082,
                    0.3420201433256687,
                    0.273616114660535
                ],
                [
                    0.9063077870366498,
                    -0.144543958452599,
                    0.3971312619671028,
                    0.31770500957368225
                ],
                [
                    0.0,
                    0.0,
                    0.0,
                    1.0
                ]
            ],
            "ndc_prj": [
                3.094444444,
                1.740625,
                0.000,
                0.000
            ]
        }
    ]
}